((1L, -0.09, 0.02, 0.8, 1.68, 4.73, -1.37, 1730.0),
 (2L, -0.1, 0.02, 0.76, -0.92, 2.78, -5.24, 2074.0),
 (3L, -0.08, 0.02, 0.68, -0.38, 1.84, -8.47, 2094.0),
 (4L, -0.07, 0.0, 0.59, 1.25, 1.6, -10.05, 2114.0),
 (5L, -0.06, 0.01, 0.52, 5.45, -0.34, -15.57, 2134.0),
 (6L, -0.06, -0.04, 0.45, 3.33, -0.48, -12.89, 2153.0),
 (7L, -0.04, -0.03, 0.41, 1.47, 1.75, -12.9, 2173.0),
 (8L, -0.02, 0.11, 0.36, 1.67, 2.34, -9.25, 2193.0),
 (9L, -0.07, -0.11, 0.36, -4.69, 3.82, -2.55, 2212.0),
 (10L, -0.02, 0.04, 0.3, -2.49, 2.73, -1.13, 2232.0),
 (11L, 0.02, 0.18, 0.23, -4.56, 1.97, 7.39, 2251.0),
 (12L, -0.05, 0.1, 0.18, -3.18, 2.29, 6.69, 2279.0),
 (13L, 0.03, 0.16, 0.2, 1.04, 0.82, -4.66, 2298.0),
 (14L, -0.01, -0.12, 0.2, 0.05, 0.85, -0.43, 2325.0),
 (15L, 0.0, -0.03, 0.17, 0.37, 0.83, 0.0, 2344.0),
 (16L, -0.01, -0.08, 0.13, 0.51, 0.69, 0.69, 2366.0),
 (17L, -0.02, 0.04, 0.12, 1.51, 0.25, -2.11, 2386.0),
 (18L, -0.01, 0.01, 0.09, 1.11, 0.9, -1.21, 2415.0),
 (19L, -0.01, 0.02, 0.11, 1.01, 0.35, -3.45, 2434.0),
 (20L, -0.01, -0.22, 0.06, -1.66, 0.99, -3.89, 2458.0),
 (21L, -0.05, 0.01, 0.26, -1.06, 2.74, -8.42, 2477.0),
 (22L, -0.03, 0.09, 0.05, 2.33, 0.31, 6.67, 2497.0),
 (23L, -0.01, -0.08, 0.06, -2.79, 1.95, -1.66, 2522.0),
 (24L, -0.04, -0.12, -0.02, -3.95, 2.5, 2.76, 2543.0),
 (25L, -0.01, 0.05, 0.04, -3.76, 2.98, -0.04, 2563.0),
 (26L, 0.01, -0.11, 0.04, -1.44, 1.14, 2.21, 2590.0),
 (27L, -0.02, 0.08, 0.03, 0.85, 0.5, 3.12, 2610.0),
 (28L, -0.01, -0.07, 0.03, 1.04, 2.02, -5.92, 2632.0),
 (29L, 0.01, 0.17, 0.05, 0.53, -1.98, -0.17, 2651.0),
 (30L, 0.01, -0.12, 0.0, 6.37, -1.8, -10.18, 2680.0),
 (31L, 0.0, -0.04, 0.03, 1.0, 0.79, -7.25, 2701.0),
 (32L, 0.0, -0.02, 0.02, 2.57, -0.77, -3.05, 2726.0),
 (33L, -0.01, 0.01, 0.03, 1.76, -2.91, -4.46, 2827.0),
 (34L, 0.02, 0.09, -0.05, 4.79, -0.69, -2.56, 2846.0),
 (35L, -0.02, 0.07, 0.01, 2.43, 0.47, 2.08, 2865.0),
 (36L, -0.01, 0.03, 0.01, 2.31, 0.65, -0.44, 2883.0),
 (37L, 0.0, 0.02, 0.04, 0.34, 2.53, 1.02, 2904.0),
 (38L, 0.0, 0.1, 0.01, 1.19, 4.69, 4.38, 2923.0),
 (39L, -0.0, -0.08, -0.01, -1.98, 0.77, -2.1, 2942.0),
 (40L, -0.03, -0.03, 0.07, 0.26, 6.12, 0.39, 2961.0),
 (41L, 0.01, -0.12, 0.04, -0.43, 8.06, 1.96, 2979.0),
 (42L, 0.01, -0.05, -0.01, 0.42, 3.59, -4.4, 2998.0),
 (43L, -0.01, -0.01, 0.01, -6.29, 6.17, 0.4, 3018.0),
 (44L, -0.0, -0.01, -0.01, -4.39, 6.17, -3.73, 3044.0),
 (45L, -0.01, -0.05, -0.0, -5.48, 6.4, -1.13, 3064.0),
 (46L, -0.01, -0.04, 0.11, -2.11, 3.58, -3.4, 3089.0),
 (47L, -0.04, 0.05, -0.05, 0.28, 4.63, 6.54, 3109.0),
 (48L, -0.01, 0.05, -0.01, 1.62, 2.59, 12.05, 3132.0),
 (49L, -0.0, -0.15, 0.01, 3.08, 0.53, -1.89, 3151.0),
 (50L, 0.01, 0.04, 0.02, 3.44, 0.32, -11.98, 3181.0),
 (51L, -0.05, -0.02, -0.0, 9.2, -0.31, 21.58, 3200.0),
 (52L, 0.01, -0.0, -0.02, 1.41, 2.64, -2.84, 3222.0),
 (53L, -0.0, 0.08, -0.02, 3.54, 1.09, -1.53, 3241.0),
 (54L, 0.01, 0.0, 0.01, 1.91, 0.5, -13.77, 3260.0),
 (55L, 0.01, 0.04, 0.01, 1.71, 0.84, -9.0, 3280.0),
 (56L, 0.0, 0.17, -0.04, 9.33, -1.78, 18.41, 3300.0),
 (57L, -0.02, -0.11, 0.1, 0.1, 1.17, -8.73, 3322.0),
 (58L, -0.02, -0.01, -0.02, -0.18, 1.44, -8.86, 3341.0),
 (59L, -0.01, 0.58, -0.06, 18.89, 1.05, 32.09, 3370.0),
 (60L, 0.0, -0.01, -0.03, 0.5, -1.17, -6.0, 3389.0),
 (61L, -0.01, 0.01, 0.03, 1.46, -0.24, 3.91, 3417.0),
 (62L, 0.01, -0.05, 0.05, -0.53, -0.52, 0.24, 3436.0),
 (63L, 0.01, -0.06, 0.0, -4.24, 2.35, -0.78, 3456.0),
 (64L, 0.01, -0.04, -0.0, 1.15, 0.08, 3.95, 3475.0),
 (65L, 0.01, -0.07, 0.0, -5.31, 1.12, -0.05, 3495.0),
 (66L, 0.02, -0.11, 0.01, -10.95, 2.45, 3.15, 3514.0),
 (67L, 0.02, -0.02, -0.0, -1.28, 1.2, -0.3, 3533.0),
 (68L, -0.01, -0.06, 0.08, 2.05, -1.8, -2.34, 3559.0),
 (69L, -0.0, -0.06, 0.0, 1.64, -0.52, -1.79, 3578.0),
 (70L, 0.0, 0.07, -0.04, -1.16, 0.68, 3.01, 3597.0),
 (71L, 0.0, -0.04, 0.03, -0.37, -0.05, 3.92, 3617.0),
 (72L, 0.01, 0.01, -0.03, -6.58, 3.44, 6.53, 3644.0),
 (73L, -0.01, 0.08, 0.03, 0.91, 1.6, -6.82, 3663.0),
 (74L, 0.02, 0.12, -0.03, 9.08, -2.28, -8.74, 3682.0),
 (75L, 0.02, -0.05, -0.02, 2.63, 0.36, 0.46, 3702.0),
 (76L, 0.01, 0.07, -0.0, 2.13, 0.92, -3.96, 3723.0),
 (77L, -0.01, -0.01, -0.01, 4.31, -0.44, -9.73, 3742.0),
 (78L, -0.0, -0.19, 0.01, 3.12, -0.26, -10.44, 3761.0),
 (79L, 0.02, 0.03, 0.06, -2.62, -0.9, -7.09, 3781.0),
 (80L, -0.01, -0.11, -0.03, 1.46, 0.76, -0.78, 3800.0),
 (81L, -0.01, 0.01, -0.04, 0.4, 1.38, -10.21, 3819.0),
 (82L, 0.0, -0.05, -0.03, 7.08, -1.68, -5.48, 3841.0),
 (83L, 0.0, 0.01, -0.03, 2.74, 0.92, -5.7, 3899.0),
 (84L, 0.01, -0.14, 0.0, 2.47, 0.83, -8.28, 3860.0),
 (85L, 0.02, 0.06, -0.01, 2.47, 0.82, -2.92, 3879.0),
 (86L, 0.01, 0.04, -0.02, 2.2, 2.22, -1.79, 3921.0),
 (87L, -0.04, -0.1, -0.01, -1.15, 2.41, 4.92, 3943.0),
 (88L, -0.01, -0.22, -0.01, -7.98, 2.74, -0.04, 3963.0),
 (89L, 0.01, 0.2, 0.01, -3.5, 2.47, -5.31, 3987.0),
 (90L, -0.01, 0.11, 0.0, -4.88, 1.76, -0.32, 4006.0),
 (91L, 0.0, 0.06, 0.04, 1.72, -1.99, -2.1, 4025.0),
 (92L, 0.04, -0.05, -0.04, 0.65, -1.39, -4.23, 4046.0),
 (93L, 0.01, -0.12, -0.02, -0.63, 0.13, -1.26, 4066.0),
 (94L, 0.0, -0.06, 0.08, 0.01, 1.61, -1.96, 4092.0),
 (95L, 0.01, -0.06, -0.01, -1.43, 2.2, -3.5, 4111.0),
 (96L, -0.0, 0.06, -0.01, 1.15, 1.65, -2.58, 4134.0),
 (97L, -0.02, 0.04, -0.0, -4.2, 2.39, 4.04, 4153.0),
 (98L, 0.01, 0.1, -0.0, 5.15, -0.05, -3.63, 4179.0),
 (99L, -0.01, -0.01, 0.01, 3.04, -0.82, -2.75, 4199.0),
 (100L, 0.02, -0.07, -0.02, -0.6, -0.03, -0.9, 4221.0),
 (101L, -0.0, 0.04, -0.01, 1.83, 0.27, 1.21, 4241.0),
 (102L, 0.02, -0.04, 0.02, -2.48, 2.65, 7.42, 4260.0),
 (103L, 0.01, -0.11, 0.02, 11.66, 0.04, 2.8, 4288.0),
 (104L, 0.03, 0.06, -0.02, -1.66, 4.92, 11.53, 4307.0),
 (105L, 0.12, 0.28, 0.04, 23.52, -2.73, 4.02, 4327.0),
 (106L, -0.02, -0.1, 0.01, -4.75, 6.27, -4.75, 4347.0),
 (107L, 0.02, 0.15, 0.01, 2.76, 4.7, -4.89, 4366.0),
 (108L, -0.06, -0.17, 0.0, -4.53, 6.6, -10.16, 4385.0),
 (109L, 0.04, 0.13, 0.02, 5.39, 2.67, -0.24, 4404.0),
 (110L, 0.03, -0.05, -0.0, 10.73, 1.24, 2.73, 4425.0),
 (111L, 0.0, 0.04, 0.01, 5.83, 2.77, -0.5, 4444.0),
 (112L, -0.06, -0.08, -0.03, 3.35, 1.23, -3.14, 4463.0),
 (113L, 0.01, -0.05, 0.03, 5.06, -0.02, -7.71, 4482.0),
 (114L, -0.06, -0.19, -0.1, 2.09, -0.1, -1.33, 4501.0),
 (115L, -0.02, 0.04, 0.0, 1.24, -0.47, -2.64, 4522.0),
 (116L, 0.0, -0.17, -0.05, -10.63, 5.85, -5.03, 4543.0),
 (117L, -0.01, 0.05, -0.0, 3.04, 2.23, 2.69, 4567.0),
 (118L, -0.01, 0.12, 0.01, 2.27, 0.24, -1.18, 4590.0),
 (119L, -0.02, -0.05, -0.0, 2.04, 0.26, -10.06, 4609.0),
 (120L, -0.01, -0.11, 0.01, 1.54, -2.32, -0.91, 4627.0),
 (121L, -0.01, 0.05, 0.01, 6.18, -2.82, -1.22, 4651.0),
 (122L, 0.01, 0.02, 0.04, 0.02, -1.32, -2.05, 4671.0),
 (123L, 0.0, 0.13, -0.07, 5.81, -1.8, -2.21, 4691.0),
 (124L, -0.02, -0.11, -0.01, 6.11, -6.02, -0.69, 4710.0),
 (125L, 0.01, -0.07, 0.02, -0.56, -0.19, -5.38, 4729.0),
 (126L, 0.0, -0.08, -0.01, 1.11, -2.22, -0.46, 4749.0),
 (127L, 0.0, 0.12, 0.0, 2.25, 0.21, -0.66, 4768.0),
 (128L, 0.02, -0.12, -0.01, -6.87, 5.4, -7.82, 4788.0),
 (129L, -0.0, 0.09, 0.03, -3.21, 3.44, 4.12, 4806.0),
 (130L, 0.0, 0.02, 0.01, -8.79, 6.7, -0.92, 4826.0),
 (131L, -0.01, 0.05, 0.01, -10.07, 7.75, -11.35, 4845.0),
 (132L, -0.04, 0.31, 0.0, 24.95, -7.11, 8.82, 4865.0),
 (133L, -0.01, -0.08, 0.01, 0.15, -2.47, 2.65, 4885.0),
 (134L, -0.02, 0.1, 0.03, -1.18, 0.89, 6.51, 4904.0),
 (135L, 0.01, -0.04, -0.01, 1.92, -4.58, 0.49, 4924.0),
 (136L, 0.0, 0.07, -0.03, 0.54, -0.82, 0.25, 4943.0),
 (137L, 0.02, -0.57, 0.01, 3.76, -5.53, -7.16, 4962.0),
 (138L, 0.01, -0.21, -0.03, -3.33, 0.76, -5.87, 4982.0),
 (139L, 0.02, 0.02, -0.04, -1.02, 1.02, 4.12, 5001.0),
 (140L, -0.01, 0.19, 0.03, -7.92, 6.95, -4.24, 5020.0),
 (141L, 0.01, 0.13, 0.02, 2.89, 2.75, 3.66, 5058.0),
 (142L, 0.01, 0.32, 0.01, 1.23, 2.8, 4.73, 5077.0),
 (143L, 0.01, 0.16, 0.0, 3.77, 0.14, -5.49, 5098.0),
 (144L, -0.02, 0.06, -0.06, 1.37, 2.86, 5.5, 5118.0),
 (145L, 0.01, -0.1, 0.0, 5.39, 0.11, 1.16, 5154.0),
 (146L, -0.01, -0.01, 0.04, -3.06, 2.21, -4.99, 5174.0),
 (147L, -0.0, -0.01, 0.02, -0.8, 1.7, -1.53, 5206.0),
 (148L, 0.0, 0.15, -0.0, -8.1, 7.27, 10.07, 5225.0),
 (149L, -0.01, -0.05, 0.0, 3.91, 0.11, -5.0, 5244.0),
 (150L, 0.0, -0.01, -0.02, -0.31, 0.53, -0.39, 5281.0),
 (151L, 0.0, -0.29, 0.0, 2.71, -2.0, 0.61, 5316.0),
 (152L, 0.0, -0.1, 0.02, 3.43, 0.76, -1.47, 5335.0),
 (153L, -0.0, 0.12, -0.0, 10.03, -3.25, 3.81, 5366.0),
 (154L, 0.03, -0.39, -0.0, -6.23, 0.98, -14.94, 5386.0),
 (155L, -0.01, -0.15, 0.01, 1.24, -2.29, -6.18, 5405.0),
 (156L, -0.0, 0.3, 0.03, 8.1, -0.04, 3.24, 5427.0),
 (157L, -0.01, 0.18, -0.01, 8.56, -0.94, 6.45, 5446.0),
 (158L, 0.03, -0.03, 0.0, 0.93, 2.45, -3.82, 5466.0),
 (159L, -0.0, -0.04, 0.02, -1.46, 3.18, 0.07, 5497.0),
 (160L, 0.01, 0.06, 0.01, 0.93, 3.01, -1.53, 5516.0),
 (161L, -0.02, -0.05, -0.02, -0.43, 3.4, 4.28, 5556.0),
 (162L, -0.01, 0.04, -0.02, -0.43, 3.1, -11.27, 5580.0),
 (163L, 0.03, 0.15, -0.01, 5.41, 3.46, 2.89, 5600.0),
 (164L, -0.01, -0.07, 0.01, -0.05, 3.59, -0.59, 5626.0),
 (165L, 0.03, 0.14, 0.0, 2.92, 2.9, -2.26, 5645.0),
 (166L, -0.03, 0.04, 0.03, 2.0, 2.29, -1.8, 5664.0),
 (167L, 0.01, -0.05, 0.02, 0.54, 1.85, -1.37, 5695.0),
 (168L, -0.01, -0.06, 0.01, -0.42, 2.58, -2.6, 5714.0),
 (169L, -0.0, 0.03, -0.0, -0.66, 2.37, 0.93, 5757.0),
 (170L, -0.0, 0.08, -0.01, -0.44, 2.18, 6.95, 5778.0),
 (171L, -0.02, -0.14, -0.01, -1.64, 0.51, -4.58, 5799.0),
 (172L, -0.01, 0.07, -0.03, 9.79, 4.84, -1.37, 5823.0),
 (173L, 0.0, -0.14, -0.01, -2.25, 1.19, 5.5, 5842.0),
 (174L, -0.05, 0.2, 0.0, 0.7, 1.97, 2.66, 5861.0),
 (175L, -0.02, -0.07, 0.0, -0.11, 0.8, -4.09, 5887.0),
 (176L, -0.02, -0.16, 0.02, -1.25, 0.18, -1.98, 5907.0),
 (177L, 0.01, 0.01, 0.02, 2.63, 2.39, -12.46, 5939.0),
 (178L, -0.0, 0.05, 0.01, 2.11, 2.43, -6.05, 5959.0),
 (179L, 0.04, -0.02, 0.02, 1.79, 2.69, 3.92, 5980.0),
 (180L, -0.03, -0.12, -0.01, 0.53, 0.75, -7.38, 5999.0),
 (181L, -0.0, 0.01, 0.01, 1.34, -0.32, -6.01, 6017.0),
 (182L, -0.01, 0.04, -0.0, 2.18, 0.62, -1.32, 6039.0),
 (183L, -0.01, 0.08, -0.01, 1.75, 1.42, 0.71, 6058.0),
 (184L, 0.01, 0.01, -0.05, 1.81, 1.47, -3.4, 6078.0),
 (185L, -0.0, 0.02, 0.0, 2.05, 2.32, -2.35, 6110.0),
 (186L, 0.0, 0.02, 0.01, 2.16, 2.37, -5.38, 6128.0),
 (187L, 0.01, 0.0, 0.01, 1.95, 1.41, -4.47, 6149.0),
 (188L, -0.0, -0.02, -0.02, 1.21, 2.35, -6.11, 6167.0),
 (189L, -0.01, 0.04, -0.02, 2.62, 2.79, -4.62, 6189.0),
 (190L, -0.01, 0.21, 0.0, 2.83, 1.08, -0.65, 6207.0),
 (191L, -0.0, -0.09, 0.01, 2.06, 1.33, -1.36, 6235.0),
 (192L, 0.02, 0.02, -0.02, 1.95, 1.08, -5.76, 6253.0),
 (193L, -0.02, -0.16, 0.04, 1.63, 2.15, -1.08, 6272.0),
 (194L, -0.0, -0.01, -0.01, 1.15, 3.61, 12.69, 6291.0),
 (195L, -0.08, -0.33, -0.02, 0.22, 2.98, 3.15, 6326.0),
 (196L, -0.03, 0.04, 0.01, 0.61, 1.56, 4.44, 6344.0),
 (197L, -0.01, 0.07, 0.06, 3.48, 1.44, 4.3, 6365.0),
 (198L, 0.05, 0.21, 0.07, 0.27, 0.95, 14.8, 6385.0),
 (199L, 0.02, -0.05, -0.02, 2.34, 2.31, 9.98, 6411.0),
 (200L, -0.03, -0.21, -0.04, 1.07, -0.57, -9.85, 6431.0),
 (201L, -0.02, 0.1, 0.0, 2.11, 1.06, 0.0, 6453.0),
 (202L, -0.05, 0.17, -0.03, 1.14, 1.03, 9.06, 6471.0),
 (203L, 0.02, -0.1, -0.02, 0.62, 0.02, -9.36, 6490.0),
 (204L, 0.01, 0.08, 0.01, -0.4, -2.66, -5.28, 6507.0),
 (205L, 0.02, -0.04, 0.01, 2.44, 0.8, 0.16, 6527.0),
 (206L, 0.01, 0.08, -0.01, 2.6, 0.69, -6.04, 6544.0),
 (207L, -0.0, -0.16, 0.01, 3.91, 2.2, 3.17, 6562.0),
 (208L, 0.02, 0.41, -0.03, 1.98, 0.56, 2.05, 6590.0),
 (209L, -0.01, 0.09, -0.01, 4.97, -0.34, -6.06, 6608.0),
 (210L, 0.01, 0.12, -0.02, 1.35, -0.01, 0.39, 6636.0),
 (211L, 0.0, -0.3, 0.02, 3.38, 3.34, 3.11, 6653.0),
 (212L, 0.04, 0.48, -0.01, 3.27, 1.48, 7.53, 6677.0),
 (213L, 0.0, -0.09, 0.05, -0.4, -0.5, 3.34, 6696.0),
 (214L, -0.03, -0.06, 0.01, 1.31, 0.33, 5.18, 6722.0),
 (215L, -0.01, -0.54, 0.03, 3.24, 1.33, -3.21, 6741.0),
 (216L, -0.01, 0.05, -0.03, 2.37, -1.01, -5.72, 6765.0),
 (217L, -0.02, 0.06, -0.0, 1.95, 1.76, 3.33, 6785.0),
 (218L, 0.01, -0.19, -0.01, 1.44, 0.21, -1.2, 6810.0),
 (219L, 0.02, -0.11, -0.0, 3.96, 0.82, 5.05, 6830.0),
 (220L, -0.03, 0.22, -0.04, 1.07, 0.42, -3.83, 6849.0),
 (221L, -0.0, 0.2, 0.08, 5.93, -1.61, -5.55, 6868.0),
 (222L, 0.01, -0.11, 0.06, 1.52, 0.98, 4.19, 6887.0),
 (223L, 0.01, 0.17, 0.02, -2.76, 2.91, 3.98, 6918.0),
 (224L, 0.04, -0.13, 0.0, -0.57, 3.11, -7.78, 6938.0),
 (225L, -0.05, -0.2, -0.05, 2.44, 4.28, 9.32, 6957.0),
 (226L, 0.04, 0.16, 0.03, -1.45, 0.67, 10.84, 6976.0),
 (227L, -0.01, 0.42, 0.06, 6.56, -1.07, -4.22, 6995.0),
 (228L, -0.01, -0.12, -0.06, 0.46, 2.63, -3.53, 7015.0),
 (229L, -0.0, 0.03, -0.03, -1.67, 0.38, -2.01, 7041.0),
 (230L, 0.02, -0.31, -0.01, 1.79, 2.4, 2.88, 7061.0),
 (231L, -0.02, 0.08, -0.01, 1.9, 1.79, -3.91, 7088.0),
 (232L, 0.02, 0.08, 0.01, -0.49, -0.02, -13.24, 7107.0),
 (233L, 0.04, -0.17, -0.02, 1.02, -1.44, -12.05, 7126.0),
 (234L, -0.03, -0.01, -0.03, 2.78, 0.04, -1.37, 7145.0),
 (235L, 0.02, -0.2, -0.0, -1.26, -0.97, 1.17, 7167.0),
 (236L, -0.02, 0.3, 0.0, 2.77, 0.28, -0.56, 7186.0),
 (237L, 0.02, -0.67, -0.01, 2.84, 0.47, -3.7, 7215.0),
 (238L, 0.01, -0.05, 0.01, 3.44, 1.98, 7.66, 7262.0),
 (239L, 0.03, -0.16, -0.02, 1.92, 1.76, -4.32, 7280.0),
 (240L, 0.09, -0.14, 0.02, 2.05, -0.5, 3.65, 7298.0),
 (241L, 0.01, 0.38, 0.03, 5.98, 1.22, 14.69, 7317.0),
 (242L, -0.02, 0.08, -0.01, 1.15, 1.95, -8.79, 7336.0),
 (243L, 0.03, 0.02, 0.0, -0.27, 0.06, -15.69, 7355.0),
 (244L, -0.0, 0.19, -0.02, 2.17, 0.69, -9.83, 7376.0),
 (245L, -0.04, -0.12, 0.0, 0.19, 1.16, -6.04, 7396.0),
 (246L, -0.0, 0.05, 0.02, 2.25, -0.2, -9.67, 7421.0),
 (247L, 0.0, 0.34, 0.03, 3.82, -1.35, -5.79, 7440.0),
 (248L, 0.01, -0.07, 0.01, 2.13, 0.69, -0.4, 7470.0),
 (249L, 0.02, -0.14, 0.0, 0.37, -0.02, 6.83, 7488.0),
 (250L, -0.02, 0.39, 0.02, 3.08, 0.53, 6.17, 7513.0),
 (251L, 0.02, 0.29, 0.02, 2.69, -0.46, 5.67, 7531.0),
 (252L, 0.0, -0.01, 0.01, 2.8, -0.63, 3.6, 7553.0),
 (253L, 0.03, -0.15, -0.01, 0.21, -0.05, -1.7, 7572.0),
 (254L, 0.02, -0.06, -0.03, -1.23, -0.94, 5.53, 7590.0),
 (255L, -0.01, 0.23, 0.03, 0.08, -0.66, -3.32, 7608.0),
 (256L, 0.01, -0.31, -0.03, -0.14, 0.85, -8.0, 7626.0),
 (257L, -0.05, -0.47, -0.0, 8.41, -0.53, 7.4, 7644.0),
 (258L, -0.01, 0.27, 0.01, 2.93, 0.92, 3.82, 7662.0),
 (259L, 0.01, -0.55, -0.02, -3.03, 1.47, -18.18, 7688.0),
 (260L, -0.02, 0.1, -0.0, 1.45, 0.55, 0.98, 7706.0),
 (261L, -0.03, -0.13, -0.01, 1.56, 2.94, -6.82, 7731.0),
 (262L, -0.04, -0.05, -0.01, 4.79, 4.25, 9.7, 7750.0),
 (263L, 0.0, -0.08, -0.02, 1.06, 0.82, -2.93, 7770.0),
 (264L, 0.0, 0.3, 0.01, 4.52, 0.78, 6.38, 7788.0),
 (265L, -0.01, 0.25, -0.01, 1.97, 0.53, 15.72, 7807.0),
 (266L, -0.0, 0.16, 0.0, 2.78, 0.26, 5.94, 7829.0),
 (267L, -0.0, 0.18, -0.07, 0.58, 1.8, -3.45, 7847.0),
 (268L, -0.01, 0.24, 0.01, -1.01, -0.85, -2.63, 7866.0),
 (269L, 0.0, -0.38, -0.0, 1.67, 0.08, -2.39, 7885.0),
 (270L, 0.0, 0.07, 0.01, -2.83, 2.82, 6.21, 7904.0),
 (271L, 0.01, -0.13, -0.01, 1.75, 1.02, -6.2, 7924.0),
 (272L, 0.02, 0.02, -0.03, 1.74, -0.34, -7.09, 7943.0),
 (273L, 0.02, -0.05, 0.03, -0.47, -0.54, -2.15, 7962.0),
 (274L, 0.01, 0.02, 0.02, 1.24, 0.66, 0.93, 7982.0),
 (275L, 0.01, 0.16, 0.01, 2.37, 1.22, -4.27, 8003.0),
 (276L, 0.0, -0.07, 0.0, 0.61, 2.15, -0.46, 8028.0),
 (277L, 0.0, -0.08, 0.01, 1.06, 1.54, -3.42, 8052.0),
 (278L, -0.01, -0.03, -0.0, 1.43, 1.28, -1.35, 8077.0),
 (279L, 0.0, -0.01, 0.01, 2.23, 1.63, -0.94, 8096.0),
 (280L, -0.0, -0.1, -0.01, 1.81, 2.26, 0.18, 8115.0),
 (281L, 0.01, 0.0, 0.01, 0.74, 1.92, -5.73, 8136.0),
 (282L, -0.0, 0.01, -0.01, 0.71, 2.98, 3.54, 8155.0),
 (283L, -0.03, -0.07, -0.02, 1.61, 1.81, -8.56, 8177.0),
 (284L, -0.0, -0.08, 0.01, -0.23, 2.73, 5.52, 8196.0),
 (285L, -0.01, -0.05, -0.01, 1.47, 2.14, -1.02, 8218.0),
 (286L, -0.01, -0.06, 0.0, 3.15, 1.39, 1.55, 8239.0),
 (287L, 0.01, 0.01, -0.0, 1.05, 0.48, -1.44, 8258.0),
 (288L, -0.03, -0.04, -0.03, 0.37, 0.51, -4.44, 8278.0),
 (289L, 0.0, 0.11, 0.01, -0.11, -0.42, 1.35, 8297.0),
 (290L, -0.01, 0.04, -0.01, 0.35, 0.26, 5.15, 8321.0),
 (291L, 0.01, 0.05, 0.01, 0.72, -0.58, -6.01, 8342.0),
 (292L, 0.0, -0.02, 0.01, -1.01, -0.64, -0.63, 8361.0),
 (293L, -0.0, -0.12, 0.0, 1.71, -1.89, -9.56, 8382.0),
 (294L, 0.01, -0.06, 0.01, 1.57, -1.46, -2.37, 8401.0),
 (295L, -0.0, 0.01, 0.01, 1.7, -1.9, -2.56, 8422.0),
 (296L, -0.0, 0.05, -0.0, 0.82, -1.0, -0.11, 8441.0),
 (297L, 0.03, 0.01, 0.01, 1.38, 0.08, 0.24, 8460.0),
 (298L, 0.01, -0.06, -0.03, -0.03, 1.21, 2.39, 8481.0),
 (299L, 0.01, -0.27, 0.01, 0.27, 0.44, -6.16, 8500.0),
 (300L, 0.02, 0.11, 0.02, 0.9, 0.85, -0.05, 8519.0),
 (301L, 0.01, 0.15, 0.0, 3.27, 0.34, 0.0, 8539.0),
 (302L, -0.01, -0.06, 0.01, -0.56, 1.67, -0.89, 8561.0),
 (303L, 0.01, 0.15, 0.05, 2.62, 1.64, -1.92, 8583.0),
 (304L, 0.01, 0.12, -0.01, 1.34, 4.56, 6.97, 8602.0),
 (305L, -0.0, -0.04, -0.01, -0.21, 2.17, -2.39, 8621.0),
 (306L, 0.02, 0.07, 0.03, 1.85, 1.75, -4.54, 8641.0),
 (307L, -0.0, -0.05, 0.0, -2.5, 3.42, 1.95, 8660.0),
 (308L, -0.02, 0.01, -0.01, -0.44, 2.86, 5.08, 8680.0),
 (309L, 0.0, -0.05, -0.06, -2.63, 2.45, 4.78, 8700.0),
 (310L, 0.02, 0.14, 0.02, 1.98, 0.63, -2.44, 8722.0),
 (311L, 0.0, 0.09, 0.01, 0.11, 1.87, -2.25, 8743.0),
 (312L, -0.02, 0.01, 0.0, 2.15, 2.24, -5.66, 8762.0),
 (313L, -0.04, -0.06, -0.0, -0.68, 4.11, -11.34, 8782.0),
 (314L, 0.07, 0.11, -0.03, 1.95, 1.7, 1.62, 8802.0),
 (315L, 0.0, 0.02, 0.02, 0.74, 3.77, -5.92, 8821.0),
 (316L, 0.03, 0.08, 0.04, -4.99, 3.21, -2.26, 8840.0),
 (317L, 0.04, 0.22, 0.06, 10.79, -1.27, 8.73, 8859.0),
 (318L, -0.01, -0.18, -0.01, 4.79, -0.23, -2.41, 8879.0),
 (319L, -0.03, -0.29, -0.04, 7.85, -2.06, -3.4, 8898.0),
 (320L, -0.02, -0.25, -0.03, 1.92, -0.2, -11.09, 8917.0),
 (321L, 0.0, 0.14, 0.02, 4.24, 0.69, 1.01, 8938.0),
 (322L, -0.01, -0.33, -0.05, -0.4, 1.6, -6.03, 8957.0),
 (323L, -0.02, 0.06, -0.08, 1.95, 2.71, 2.42, 9004.0),
 (324L, 0.02, 0.17, 0.02, -2.57, 0.46, -3.34, 9023.0),
 (325L, -0.04, -0.05, 0.0, 2.05, 0.62, 0.22, 9042.0),
 (326L, -0.01, 0.33, 0.02, -0.86, 0.53, -2.76, 9067.0),
 (327L, -0.01, -0.15, 0.01, 2.44, 0.95, -2.73, 9092.0),
 (328L, -0.0, -0.15, -0.0, 0.96, -0.29, -3.13, 9112.0),
 (329L, -0.0, -0.08, 0.01, 1.31, 0.87, -7.06, 9131.0),
 (330L, -0.03, -0.09, -0.03, 3.34, 3.27, -9.9, 9155.0),
 (331L, 0.01, 0.27, -0.01, 0.61, 1.93, -10.34, 9174.0),
 (332L, -0.02, 0.06, 0.0, 0.98, 1.53, -7.64, 9193.0),
 (333L, -0.0, -0.09, -0.02, 1.07, -0.04, -18.53, 9212.0),
 (334L, -0.01, -0.18, 0.03, -0.84, 0.29, -9.48, 9231.0),
 (335L, 0.01, -0.12, 0.03, 1.4, 1.74, -7.24, 9252.0),
 (336L, -0.01, -0.06, -0.02, 1.6, 2.95, 1.73, 9271.0),
 (337L, -0.01, 0.11, -0.0, 1.34, 2.15, -4.41, 9291.0),
 (338L, 0.01, 0.17, -0.0, -0.93, 1.51, -7.01, 9311.0),
 (339L, -0.03, -0.29, 0.01, 2.13, -0.1, -5.36, 9333.0),
 (340L, -0.01, 0.07, 0.02, 0.54, 2.5, -15.58, 9352.0),
 (341L, 0.01, -0.02, 0.0, 3.68, 1.99, 8.35, 9372.0),
 (342L, -0.01, -0.23, -0.0, -0.41, 0.72, -2.96, 9394.0),
 (343L, 0.01, 0.1, -0.01, 0.63, 0.77, -0.74, 9414.0),
 (344L, 0.02, 0.13, -0.01, 0.77, 0.56, -4.46, 9435.0),
 (345L, 0.01, -0.04, 0.0, -0.8, -0.78, 4.13, 9459.0),
 (346L, 0.01, -0.1, -0.03, 1.21, 1.5, -0.53, 9481.0),
 (347L, -0.01, 0.08, -0.02, 1.73, 1.21, -3.13, 9503.0),
 (348L, -0.02, 0.05, -0.01, 1.11, 1.08, -0.6, 9522.0),
 (349L, 0.01, -0.03, 0.01, 2.31, 2.08, 0.63, 9542.0),
 (350L, 0.01, 0.03, 0.03, 0.53, 0.6, -3.63, 9565.0),
 (351L, 0.01, 0.01, -0.01, 1.66, -0.44, -5.27, 9583.0),
 (352L, 0.01, -0.04, -0.0, 2.04, 0.4, -3.36, 9608.0),
 (353L, -0.0, 0.05, 0.02, -0.24, -1.3, -3.96, 9632.0),
 (354L, 0.01, -0.01, 0.01, 0.17, -0.36, 2.85, 9654.0),
 (355L, 0.0, -0.08, -0.01, 0.52, 0.49, -2.34, 9674.0),
 (356L, -0.01, 0.05, -0.01, 0.34, -0.01, -2.07, 9701.0),
 (357L, 0.02, -0.07, 0.01, -1.24, -1.57, -3.68, 9720.0),
 (358L, -0.0, 0.09, -0.0, 2.49, 1.64, -0.3, 9745.0),
 (359L, 0.01, 0.05, -0.0, 1.25, 1.63, -2.31, 9767.0),
 (360L, 0.0, 0.07, -0.0, 1.31, 1.01, -4.91, 9787.0),
 (361L, 0.01, -0.01, -0.01, 0.18, 0.45, -6.19, 9806.0),
 (362L, -0.0, 0.04, -0.02, 2.43, 1.99, -2.55, 9825.0),
 (363L, -0.01, 0.06, 0.0, 1.16, 1.29, -4.87, 9844.0),
 (364L, 0.03, -0.03, 0.01, 1.08, 0.17, -3.79, 9868.0),
 (365L, 0.0, -0.11, -0.0, 0.21, 0.66, 7.76, 9887.0),
 (366L, -0.0, -0.03, -0.0, 0.18, 0.17, -2.8, 9907.0),
 (367L, -0.03, 0.24, 0.02, 3.17, 2.81, 1.83, 9929.0),
 (368L, 0.02, 0.13, 0.03, 4.72, 1.52, -3.89, 9971.0),
 (369L, -0.0, 0.19, -0.04, 0.24, 3.5, 6.44, 9991.0),
 (370L, -0.01, 0.01, -0.01, 2.15, 2.64, 12.07, 10012.0),
 (371L, -0.02, -0.18, 0.01, -0.03, -0.85, -4.52, 10033.0),
 (372L, 0.01, -0.02, -0.0, 2.08, 1.92, 3.46, 10052.0),
 (373L, 0.03, 0.05, 0.01, 3.82, 0.96, 2.99, 10073.0),
 (374L, -0.01, 0.02, -0.01, 1.36, 0.92, -0.82, 10092.0),
 (375L, -0.0, -0.04, 0.04, -0.1, 1.45, 7.69, 10112.0),
 (376L, 0.01, -0.09, -0.04, -3.9, 0.5, 9.45, 10132.0),
 (377L, 0.0, -0.11, 0.13, -1.56, 1.1, 7.73, 10151.0),
 (378L, -0.01, 0.07, 0.01, 5.31, 0.16, -4.95, 10171.0),
 (379L, 0.01, -0.24, 0.02, 4.63, 1.85, -0.06, 10194.0),
 (380L, -0.02, 0.23, 0.0, 2.22, -2.73, -1.74, 10213.0),
 (381L, 0.03, -0.04, -0.04, 0.36, -0.82, 2.44, 10233.0),
 (382L, 0.0, 0.11, 0.0, -0.04, 0.73, 10.48, 10252.0),
 (383L, 0.0, -0.0, -0.02, 6.13, 4.63, 9.22, 10271.0),
 (384L, -0.06, 0.1, -0.02, -1.03, -2.31, -0.84, 10292.0),
 (385L, 0.02, -0.43, -0.03, 1.63, 0.51, -4.48, 10312.0),
 (386L, -0.06, 0.25, 0.0, 6.31, 2.76, 5.32, 10337.0),
 (387L, 0.0, 0.45, -0.0, 0.8, -1.24, 1.29, 10358.0),
 (388L, 0.04, -0.24, 0.01, 1.11, -2.65, -6.63, 10384.0),
 (389L, -0.01, -0.01, -0.02, 0.92, 0.69, 7.27, 10404.0),
 (390L, 0.05, 0.06, -0.01, 1.35, -0.82, -0.42, 10424.0),
 (391L, 0.01, 0.33, 0.0, 0.69, -1.76, 5.97, 10443.0),
 (392L, -0.01, -0.21, -0.04, 0.92, 0.07, -5.56, 10466.0),
 (393L, 0.02, 0.08, 0.06, 1.74, -0.15, 5.95, 10486.0),
 (394L, -0.02, -0.07, -0.0, 1.78, 0.66, 1.08, 10506.0),
 (395L, -0.03, 0.24, 0.0, 5.0, 2.24, 9.67, 10524.0),
 (396L, 0.01, -0.07, 0.01, 0.38, -0.7, -3.02, 10543.0),
 (397L, 0.02, -0.08, 0.01, 1.11, -1.3, -14.21, 10562.0),
 (398L, 0.04, 0.03, -0.0, 2.22, 0.81, 0.15, 10584.0),
 (399L, 0.0, 0.07, -0.02, -0.26, 0.84, -4.65, 10602.0),
 (400L, 0.01, 0.14, 0.0, 1.7, 2.01, 3.69, 10625.0),
 (401L, -0.02, -0.03, 0.01, -2.58, -1.69, -0.73, 10645.0),
 (402L, 0.02, -0.0, 0.02, 2.1, -0.12, -10.88, 10686.0),
 (403L, -0.05, 0.55, 0.01, 0.88, 2.53, 3.95, 10710.0),
 (404L, -0.01, -0.25, -0.05, -6.11, -0.44, -3.75, 10728.0),
 (405L, -0.0, -0.02, -0.02, -6.69, -0.37, 17.07, 10745.0),
 (406L, 0.0, 0.03, -0.02, 0.86, -2.69, -4.79, 10764.0),
 (407L, 0.0, -0.43, -0.01, -1.14, -2.16, -10.5, 10786.0),
 (408L, 0.04, 0.36, 0.11, 1.82, 0.72, 0.18, 10809.0),
 (409L, -0.02, -0.2, -0.0, -0.05, 1.7, 0.11, 10828.0),
 (410L, -0.0, -0.15, -0.01, 0.56, 3.06, -12.15, 10847.0),
 (411L, 0.02, -0.13, -0.03, 3.27, 1.1, 15.27, 10865.0),
 (412L, -0.01, 0.04, -0.0, 3.38, 21.64, -4.79, 10896.0),
 (413L, -0.01, -0.02, -0.02, 3.47, 5.95, 23.99, 10915.0),
 (414L, 0.04, -0.13, -0.04, -2.92, 3.81, -0.95, 10934.0),
 (415L, 0.04, 0.17, -0.04, 1.45, 4.24, -2.09, 10953.0),
 (416L, -0.05, -0.08, -0.01, 1.31, 3.6, -3.92, 10985.0),
 (417L, 0.01, 0.11, 0.01, 6.25, 2.95, 7.77, 11004.0),
 (418L, -0.02, 0.1, -0.01, -7.2, 1.11, -5.05, 11023.0),
 (419L, -0.04, 0.02, -0.01, 2.03, 3.46, -14.66, 11047.0),
 (420L, -0.01, 0.07, 0.02, 1.15, 2.53, -5.64, 11067.0),
 (421L, 0.03, 0.01, 0.05, -0.05, -4.95, -17.75, 11113.0),
 (422L, 0.03, 0.26, 0.03, 0.19, -4.02, -1.18, 11138.0),
 (423L, -0.04, 0.02, -0.03, 0.18, -1.17, 7.94, 11157.0),
 (424L, -0.06, -0.36, -0.05, -1.26, -0.7, 1.66, 11176.0),
 (425L, 0.17, 0.16, 0.1, 0.14, -4.33, 19.52, 11196.0),
 (426L, -0.02, 0.02, 0.01, -0.16, 12.8, -6.7, 11215.0),
 (427L, -0.04, 0.05, -0.03, 4.04, 7.13, 0.65, 11236.0),
 (428L, -0.01, 0.27, -0.0, 3.94, 4.13, 9.5, 11258.0),
 (429L, 0.02, -0.02, 0.03, -0.92, 0.88, -12.98, 11284.0),
 (430L, -0.06, -0.28, -0.04, 0.58, 2.44, -7.82, 11303.0),
 (431L, 0.02, -0.03, 0.03, -0.5, -1.41, -2.21, 11355.0),
 (432L, 0.05, 0.03, -0.02, 1.73, 2.02, 16.43, 11375.0),
 (433L, -0.04, 0.15, 0.0, 2.66, 2.36, -3.63, 11394.0),
 (434L, -0.08, -0.48, -0.04, 0.62, -1.76, 3.95, 11413.0),
 (435L, 0.0, -0.02, 0.0, 1.16, 1.68, -13.85, 11433.0),
 (436L, -0.05, -0.05, 0.01, 3.11, 1.18, 0.45, 11455.0),
 (437L, 0.03, -0.18, -0.02, -1.56, 1.87, -7.34, 11473.0),
 (438L, 0.02, 0.11, 0.03, 0.05, -4.89, -9.22, 11512.0),
 (439L, 0.04, 0.19, 0.02, -1.01, -4.21, 13.92, 11531.0),
 (440L, -0.0, -0.18, -0.03, 0.24, 0.36, -0.95, 11559.0),
 (441L, 0.03, -0.03, -0.02, -7.44, 0.18, -6.32, 11578.0),
 (442L, 0.04, 0.04, 0.05, -15.02, -3.41, -6.6, 11598.0),
 (443L, -0.02, 0.08, -0.01, 7.24, 0.92, 5.62, 11617.0),
 (444L, -0.01, -0.02, 0.01, -3.34, -2.31, -5.13, 11636.0),
 (445L, -0.02, 0.22, 0.04, 4.69, 2.24, 5.35, 11655.0),
 (446L, -0.01, -0.18, -0.02, -1.98, 0.69, 3.14, 11674.0),
 (447L, -0.0, 0.12, 0.02, -4.27, -2.35, -8.43, 11694.0),
 (448L, 0.0, -0.68, -0.03, -3.57, -1.37, -12.2, 11716.0),
 (449L, 0.03, -0.07, 0.0, -1.58, -1.06, 2.44, 11757.0),
 (450L, -0.01, 0.42, 0.05, 0.59, 1.41, -0.62, 11780.0),
 (451L, 0.04, -0.12, -0.06, -3.09, 0.62, -0.25, 11800.0),
 (452L, 0.02, 0.04, 0.05, -7.89, -2.61, -9.63, 11821.0),
 (453L, -0.01, -0.14, 0.01, -7.37, -2.66, -13.61, 11843.0),
 (454L, 0.05, 0.22, 0.08, -2.51, 2.22, -7.34, 11873.0),
 (455L, -0.04, 0.14, -0.01, 3.29, 6.03, -2.31, 11899.0),
 (456L, 0.04, 0.08, -0.02, 0.35, 0.82, 8.76, 11919.0),
 (457L, 0.02, -0.09, 0.01, -2.04, -7.66, -2.89, 11937.0),
 (458L, -0.03, 0.1, -0.03, 2.25, -11.54, -11.62, 11976.0),
 (459L, 0.03, 0.21, 0.04, -1.46, -7.92, -16.08, 11956.0),
 (460L, -0.12, -0.38, -0.12, -7.1, -5.93, -14.15, 11995.0),
 (461L, 0.07, 0.33, 0.07, -3.98, -0.48, 28.14, 12015.0),
 (462L, -0.03, 0.09, 0.06, 0.72, -2.43, -5.02, 12034.0),
 (463L, 0.0, -0.13, -0.04, -2.08, 3.37, -4.64, 12071.0),
 (464L, -0.05, -0.11, -0.01, -0.84, 5.58, 20.16, 12095.0),
 (465L, 0.07, 0.4, 0.02, 0.4, -0.92, -4.23, 12114.0),
 (466L, -0.03, -0.14, 0.05, 7.02, 7.35, 3.66, 12139.0),
 (467L, -0.09, 0.07, -0.04, 4.19, 9.25, 7.57, 12163.0),
 (468L, 0.0, 0.01, -0.03, -0.05, 4.56, -12.98, 12184.0),
 (469L, 0.05, -0.3, -0.01, 1.52, -1.19, -10.02, 12205.0),
 (470L, -0.03, 0.22, 0.02, 1.96, 0.94, -6.34, 12237.0),
 (471L, -0.0, 0.19, 0.04, -2.82, 0.8, -0.22, 12255.0),
 (472L, -0.02, 0.14, 0.01, 5.39, -1.44, -8.41, 12274.0),
 (473L, -0.0, -0.09, -0.02, 5.57, 5.07, 1.68, 12293.0),
 (474L, 0.04, -0.02, -0.03, -3.6, -5.02, -3.06, 12312.0),
 (475L, -0.02, -0.3, -0.03, -2.59, 2.37, -17.42, 12331.0),
 (476L, -0.04, 0.02, -0.05, 3.34, 8.61, -7.02, 12352.0),
 (477L, 0.0, -0.16, -0.01, 0.62, 0.76, -15.04, 12381.0),
 (478L, -0.04, 0.34, -0.0, 5.02, 4.4, 8.85, 12403.0),
 (479L, 0.06, -0.2, 0.03, 1.19, -0.74, -18.57, 12427.0),
 (480L, 0.09, -0.73, 0.01, 4.35, 4.53, -15.02, 12447.0),
 (481L, -0.03, -0.02, -0.02, 0.81, 5.09, -3.18, 12466.0),
 (482L, -0.05, 0.39, -0.05, 8.92, 0.3, 6.95, 12488.0),
 (483L, 0.0, -0.13, 0.06, 4.49, 3.72, 0.92, 12507.0),
 (484L, -0.09, 0.07, -0.03, 1.73, 0.22, -4.14, 12527.0),
 (485L, 0.01, -0.33, -0.09, 2.79, -0.84, -8.24, 12547.0),
 (486L, 0.08, -0.3, 0.04, -3.65, -4.54, -9.75, 12566.0),
 (487L, 0.03, 0.38, 0.03, -3.28, 0.45, 15.34, 12589.0),
 (488L, -0.06, -0.15, -0.02, -7.57, 1.71, 1.1, 12608.0),
 (489L, 0.11, -0.76, -0.08, 2.55, -3.72, -20.97, 12629.0),
 (490L, -0.03, 0.26, 0.02, 1.6, -3.04, -1.98, 12651.0),
 (491L, -0.13, -0.53, -0.05, 6.27, -0.92, -2.33, 12674.0),
 (492L, -0.0, 0.26, 0.02, 5.73, -2.48, 1.54, 12693.0),
 (493L, -0.1, -0.85, 0.1, -1.67, 3.65, 1.82, 12712.0),
 (494L, 0.09, 0.3, -0.08, 4.39, 0.72, -10.26, 12731.0),
 (495L, 0.02, -0.22, 0.01, 4.24, 0.42, -5.14, 12750.0),
 (496L, 0.03, 0.1, 0.01, 2.56, -1.7, -0.31, 12772.0),
 (497L, -0.03, 0.12, 0.03, -4.03, -0.39, -10.0, 12812.0),
 (498L, 0.07, 0.32, 0.06, -3.68, -5.95, -17.16, 12831.0),
 (499L, -0.0, -0.29, -0.02, 2.6, -0.55, -17.82, 12852.0),
 (500L, -0.01, 0.77, 0.05, 3.93, 3.93, 16.53, 12870.0),
 (501L, -0.04, 0.21, -0.03, -3.85, 4.73, -1.54, 12889.0),
 (502L, -0.0, -0.23, -0.02, 6.41, 1.92, -10.45, 12908.0),
 (503L, -0.0, 0.35, 0.01, 6.59, -3.15, -7.99, 12927.0),
 (504L, 0.02, -0.22, -0.06, 0.45, -6.12, -23.82, 12946.0),
 (505L, -0.01, -0.27, 0.0, 0.92, -0.88, -19.76, 12965.0),
 (506L, 0.04, 0.26, -0.01, 5.72, 6.62, 16.57, 12993.0),
 (507L, 0.02, 0.09, 0.01, 2.46, 7.22, -9.41, 13039.0),
 (508L, 0.02, -0.58, -0.01, 1.65, 6.15, -16.5, 13059.0),
 (509L, 0.04, 0.17, 0.05, 1.71, 3.4, -11.18, 13080.0),
 (510L, 0.02, 0.02, 0.01, 1.61, 1.5, -8.44, 13099.0),
 (511L, -0.01, 0.27, -0.01, 1.28, 0.4, 3.74, 13119.0),
 (512L, 0.01, 0.05, 0.01, 1.83, -2.49, -8.02, 13138.0),
 (513L, 0.02, -0.1, -0.02, -0.49, -8.02, -15.98, 13163.0),
 (514L, -0.0, 0.05, -0.0, 1.45, -5.11, -10.18, 13184.0),
 (515L, -0.02, 0.29, -0.0, 1.63, -5.12, 1.35, 13205.0),
 (516L, -0.06, -0.64, -0.01, 0.68, -3.36, 16.23, 13223.0),
 (517L, 0.01, 0.09, 0.01, 1.27, -3.92, -6.68, 13243.0),
 (518L, 0.01, 0.03, 0.01, 0.76, -0.17, -4.98, 13268.0),
 (519L, 0.02, 0.02, 0.01, 1.54, 0.49, -4.86, 13286.0),
 (520L, -0.02, 0.4, -0.01, 1.01, 0.63, 8.89, 13304.0),
 (521L, 0.03, -0.01, 0.0, 1.22, -0.04, -7.89, 13323.0),
 (522L, 0.01, -0.07, -0.0, 1.91, 1.2, -0.48, 13341.0),
 (523L, -0.03, -0.21, -0.01, 1.83, 2.19, 1.1, 13366.0),
 (524L, 0.03, -0.16, 0.02, 1.63, 1.6, -2.63, 13385.0),
 (525L, 0.06, 0.62, 0.02, 1.72, 1.01, 12.69, 13405.0),
 (526L, 0.01, -0.01, 0.02, 1.89, 2.21, -10.24, 13424.0),
 (527L, -0.02, 0.12, 0.0, 1.96, 3.12, -7.43, 13443.0),
 (528L, 0.03, 0.2, 0.01, 2.2, 1.37, 8.16, 13465.0),
 (529L, -0.01, 0.08, -0.0, 2.34, 3.23, -6.76, 13483.0),
 (530L, 0.02, 0.39, 0.0, 0.66, 2.12, 9.44, 13503.0),
 (531L, -0.01, 0.06, -0.0, 1.82, 2.21, -11.59, 13522.0),
 (532L, -0.0, -0.49, -0.01, 0.72, 1.71, -1.98, 13540.0),
 (533L, -0.0, -0.01, -0.02, 2.1, 6.34, -28.66, 13598.0),
 (534L, 0.16, 1.1, 0.04, 4.7, 21.14, 81.44, 13633.0),
 (535L, 0.22, 0.0, 0.25, -0.61, 6.13, 21.35, 13655.0),
 (536L, 0.03, 0.54, -0.04, 2.89, 2.3, 11.15, 13675.0),
 (537L, -0.27, -0.89, -0.07, 3.81, 2.73, -8.72, 13696.0),
 (538L, -0.06, 0.36, 0.0, 0.89, -5.71, -15.78, 13715.0),
 (539L, -0.1, 0.73, -0.05, 3.08, 1.54, -4.2, 13733.0),
 (540L, 0.05, 0.54, 0.04, 5.14, 14.56, 34.02, 13752.0),
 (541L, -0.13, -0.64, 0.02, 4.13, 5.91, 3.89, 13771.0),
 (542L, -0.06, -0.48, -0.07, 6.42, 13.42, -2.16, 13794.0),
 (543L, 0.09, 0.53, -0.09, 6.31, 2.98, 24.74, 13814.0),
 (544L, -0.18, 0.11, 0.01, 0.76, 0.49, 7.08, 13835.0),
 (545L, -0.16, -0.58, -0.05, 1.39, -1.92, -23.85, 13854.0),
 (546L, -0.28, -0.33, 0.01, -0.39, -9.22, -6.45, 13875.0),
 (547L, -0.2, -1.24, -0.03, -9.05, 1.57, 26.53, 13893.0),
 (548L, 0.1, 0.42, 0.01, 2.85, 1.76, -10.74, 13912.0),
 (549L, 0.07, -0.25, -0.03, -0.6, -1.44, -19.21, 13931.0),
 (550L, 0.17, 0.87, 0.02, -0.09, 0.36, 24.39, 13980.0),
 (551L, 0.04, -0.79, 0.03, -2.2, 4.12, 17.17, 13999.0),
 (552L, 0.14, 0.16, 0.05, -2.03, -1.53, -1.98, 14018.0),
 (553L, -0.42, -0.92, -0.09, 5.17, 7.51, 16.63, 14044.0),
 (554L, -0.02, -0.17, -0.04, 5.82, 1.24, -7.27, 14068.0),
 (555L, 0.04, 0.49, -0.02, 6.81, 7.26, 29.24, 14087.0),
 (556L, 0.05, 0.03, 0.0, 1.2, 3.26, 14.95, 14107.0),
 (557L, 0.24, 0.61, 0.05, -0.04, -0.85, 4.89, 14127.0),
 (558L, 0.07, -0.44, 0.03, 0.98, 0.89, -1.14, 14146.0),
 (559L, 0.05, -0.03, -0.04, 2.24, 2.72, -15.68, 14167.0),
 (560L, -0.35, -1.23, 0.03, -4.35, 6.63, -15.6, 14187.0),
 (561L, 0.07, 0.52, -0.02, 5.37, 1.38, 8.91, 14206.0),
 (562L, 0.08, -0.43, 0.01, -0.13, 10.19, 2.02, 14225.0),
 (563L, -0.32, -0.56, 0.01, 1.15, 8.44, -14.44, 14244.0),
 (564L, -0.1, -0.32, -0.06, -0.98, 3.37, -11.27, 14270.0),
 (565L, -0.05, -0.08, -0.01, 2.57, 6.89, 6.92, 14290.0),
 (566L, 0.08, 0.19, -0.0, 5.44, 4.18, 2.22, 14311.0),
 (567L, 0.07, -0.46, 0.03, 1.04, 1.47, 3.67, 14331.0),
 (568L, -0.03, 0.29, 0.01, 2.77, 2.03, 6.5, 14350.0),
 (569L, 0.04, 0.32, 0.02, 5.05, -1.47, 2.96, 14374.0),
 (570L, -0.03, 0.21, 0.01, -0.91, -3.05, 3.66, 14393.0),
 (571L, 0.1, 0.23, -0.0, 2.67, -6.79, 6.07, 14413.0),
 (572L, 0.1, 0.18, -0.01, -6.27, -14.6, 14.4, 14431.0),
 (573L, 0.02, 0.24, 0.01, 3.1, -1.21, 3.21, 14449.0),
 (574L, 0.09, 0.13, 0.03, 4.62, -2.68, 5.99, 14469.0),
 (575L, 0.05, 0.17, -0.0, -7.08, -3.47, 11.9, 14489.0))
